[ 222.4568311, 229.620172, 237.30454394,244.90391938,253.02331032
,261.38170721,269.14210332,277.05447908,285.54090017,294.75334715
,304.61981651,314.38230811,324.81980881,335.54533003,345.51181833
,355.65330729,366.52983288,378.37442462,391.06002963,403.57763774
,416.98529603,430.77396985,443.55260012,457.87329684,473.20502154]
[-4.6547831,-3.03783306 -3.21736273 -2.2777184,-0.51632612 -1.8838069
 -0.14929803,0.45357341,0.52843013,1.38480227,1.64131639,1.82949037
,1.99015596,1.92684661,1.59521003,1.34360912,0.91976299 -0.4697065
,0.27569365 -1.07592909 -4.35034723 -3.46984638 -6.15911015 -9.11528474
 -9.24761625]
2 2
[ 222.4568311, 229.620172, 237.30454394,244.90391938,253.02331032
,261.38170721,269.14210332,277.05447908,285.54090017,294.75334715
,304.61981651,314.38230811,324.81980881,335.54533003,345.51181833
,355.65330729,366.52983288,378.37442462,391.06002963,403.57763774
,416.98529603,430.77396985,443.55260012,457.87329684,473.20502154
,488.48576473,504.85357122,521.03835971,538.3522157 ]
[-5.92129067 -4.03032912 -4.97451862 -3.98428113 -1.71341775 -4.61514749
 -1.97686966 -1.24611933 -1.6546616,-0.14021327,0.0630675, 0.61407075
,1.15400282,0.64396171,1.34621403,1.35033451,1.39531397,0.82974918
,1.45945257,1.0601167,-0.94341761,0.3997267,-1.04491567 -2.7873366
 -1.88171486 -6.74759132 -5.05924918 -9.91409275 -9.99606547]
2 2
[ 219.70568925,226.89103868,234.96542875,242.47279755,249.2811221
,257.67554123,266.35095444,274.42934827,283.04777779,292.25523349
,302.10969147,311.73616645,322.16767092,332.95120388,342.8816692
,353.20418034,364.2487358, 376.06331432,388.6899107, 401.05549612
,414.46017827,428.29883471,441.02945185,455.38616657,470.69889081]
[ -3.99256302,-4.02087142,-1.59037968,-2.59508293,-0.4532758
,-0.34932742, 0.05162132, 0.9099786, 0.8724422 ,1.45771367
, 1.81197325, 1.7807505, 2.00636299, 1.85093057, 1.64901219
, 1.10621661, 0.8942557 ,0.26731851,-1.15026926,-1.55332535
,-3.1928017, -6.3880777, -7.11455671 -11.34406047 -10.22514806]
2 2
[ 219.70568925,226.89103868,234.96542875,242.47279755,249.2811221
,257.67554123,266.35095444,274.42934827,283.04777779,292.25523349
,302.10969147,311.73616645,322.16767092,332.95120388,342.8816692
,353.20418034,364.2487358, 376.06331432,388.6899107, 401.05549612
,414.46017827,428.29883471,441.02945185,455.38616657,470.69889081
,485.92966033,502.21943117,518.17320016,535.45905027]
[ -5.09065435,-5.75707092,-2.60171444,-4.65465683,-1.60555571
,-1.98766768,-1.70825478,-0.44839824,-1.00089749,-0.02947568
, 0.58482664, 0.3628986, 0.99054234, 1.06494444, 1.31100803
, 1.33732347, 1.39913052, 1.30192197, 0.74770013, 0.8239533
, 0.11369456,-1.86256387,-1.76669387,-4.81562133,-2.60000794
,-8.60116059,-6.96234827 -11.44576218 -13.97080711]
2 2

